Pre-Sorted: 



38 31 75 40 61 21 84 51 86 41 19 21 37 58 86 100 97 73 44 67 
60 90 58 13 31 49 63 44 73 76 76 77 73 16 83 100 4 67 51 56 
7 36 77 10 95 28 10 57 0 54 23 60 9 48 39 40 97 69 84 35 
44 25 11 83 8 61 83 12 27 100 34 0 35 10 10 96 39 87 53 5 
40 42 66 15 90 71 55 87 39 5 88 49 97 100 32 4 60 81 83 53 




Post-Sorted:



0 0 4 4 5 5 7 8 9 10 10 10 10 11 12 13 15 16 19 21 
21 23 25 27 28 31 31 32 34 35 35 36 37 38 39 39 39 40 40 40 
41 42 44 44 44 48 49 49 51 51 53 53 54 55 56 57 58 58 60 60 
60 61 61 63 66 67 67 69 71 73 73 73 75 76 76 77 77 81 83 83 
83 83 84 84 86 86 87 87 88 90 90 95 96 97 97 97 100 100 100 100 