Pre-Sorted: 



32 32 54 12 52 56 8 30 44 94 44 39 65 19 51 91 1 5 89 34 
25 58 20 51 38 65 30 7 20 10 51 18 43 71 97 61 26 5 57 70 
65 0 75 29 86 93 87 87 64 75 88 89 100 7 40 37 38 36 44 24 
46 95 43 89 32 5 15 58 77 72 95 8 38 69 37 24 27 90 77 92 
31 30 80 30 37 86 33 76 21 77 100 68 37 8 22 69 81 38 94 57 




Post-Sorted:



0 1 5 5 5 7 7 8 8 8 10 12 15 18 19 20 20 21 22 24 
24 25 26 27 29 30 30 30 30 31 32 32 32 33 34 36 37 37 37 37 
38 38 38 38 39 40 43 43 44 44 44 46 51 51 51 52 54 56 57 57 
58 58 61 64 65 65 65 68 69 69 70 71 72 75 75 76 77 77 77 80 
81 86 86 87 87 88 89 89 89 90 91 92 93 94 94 95 95 97 100 100 